'Pinos'
BLUE
20.513250854241146,-100.78170909898375
20.513170465954975,-100.78133358972167
20.51483851424571,-100.78019633309935
20.515350983264554,-100.7794667722473
20.515883547290308,-100.78003540055846
20.515773015286356,-100.78106536882018
20.51720992511399,-100.78732028024291
20.518375520382328,-100.79193367974852
20.519561203015723,-100.79647197740172
20.519872694387754,-100.79773798005675
20.519983223431936,-100.7995296956787
20.51976216526378,-100.80234065072631
20.519169325873214,-100.80767288224791
20.51933009610431,-100.80973281877135
20.51997317534032,-100.81766142861937
20.52000331961321,-100.8214487077484
20.51972197283528,-100.82580461518859
20.518898025725385,-100.83645834939574
20.519068844393033,-100.8385933877716
20.519671732284795,-100.83922638909911
20.51904874808909,-100.8423592092285
20.51866691781282,-100.84911837594603
20.522002876459283,-100.84889307038878
20.525198093981537,-100.84901108758544
20.52892576344328,-100.84805622117614
20.532201214750998,-100.8470584394226
20.534522120926013,-100.84613575952147
20.538018484521636,-100.84474101083373
20.541052620332604,-100.8436359407196
20.54363460239838,-100.84254159944152
20.548768297115988,-100.84035291688537
20.550003974796542,-100.8394946100006
20.551802219588975,-100.83716645257567
20.554173057478774,-100.83392634408568
20.554384020085102,-100.83319678323363
20.554213240854818,-100.83225264566039
20.55331915823976,-100.83032145516967
20.552847000141284,-100.82590117471312
20.552465254229162,-100.82273616807555
20.551802219588975,-100.81615939157103
20.551249688524706,-100.81079497354125
20.55106885974252,-100.80879941003417
20.550536418197,-100.80372467057799
20.550245081471836,-100.80346717851256
20.550456049500706,-100.80292000787352
20.549531806455665,-100.7940365316162
20.54884866669976,-100.78745975511168
20.548245893791336,-100.78181638734435
20.54782395134108,-100.78129067437743
20.54583477838768,-100.7806898595581
20.542187894082588,-100.77967062013244
20.5364712530191,-100.77797546403502
20.53175913339206,-100.77659144418334
20.530302265326647,-100.77662363069152
20.528925763443304,-100.77696695344542
20.523520110706745,-100.77841534631347
20.519420529285103,-100.77949895875548
20.517702289715054,-100.77965989129638
20.515903644009732,-100.78033580796813
20.514868659529586,-100.78046455400084
20.51321066010334,-100.78129067437743
'CBTis'
GRAY
20.508269,-100.8056858
20.5123736,-100.8046911
20.5094843,-100.814455
20.518835,-100.8400235
20.5195484,-100.8395349
20.5200215,-100.8381194
20.5305873,-100.8362709
20.5324224,-100.8353337
20.5371659,-100.8351684
20.5355166,-100.8295958
20.5358849,-100.819553
20.5527529,-100.8227685
20.551248,-100.8108987
20.5411617,-100.8096164
20.5415569,-100.8063318
20.5397666,-100.8067487
20.5385299,-100.8026373
20.5385192,-100.7980115
20.5399296,-100.7974822
20.5397842,-100.8026029
20.5387427,-100.8026177